# relative_time, cycles_done, cur_item, corpus_count, pending_total, pending_favs, map_size, saved_crashes, saved_hangs, max_depth, execs_per_sec, total_execs, edges_found
61, 0, 0, 17, 17, 1, 0.10%, 0, 0, 2, 101.61, 6028, 64
66, 0, 0, 17, 17, 1, 0.10%, 0, 0, 2, 98.44, 6524, 64
71, 0, 0, 17, 17, 1, 0.10%, 0, 0, 2, 100.54, 7030, 64
76, 0, 0, 17, 17, 1, 0.10%, 0, 0, 2, 97.86, 7518, 64
81, 0, 0, 17, 17, 1, 0.10%, 0, 0, 2, 106.04, 8070, 64
86, 0, 0, 17, 17, 1, 0.10%, 0, 0, 2, 98.09, 8561, 64
91, 0, 0, 17, 17, 1, 0.10%, 0, 0, 2, 92.45, 9008, 64
97, 0, 0, 17, 17, 1, 0.10%, 0, 0, 2, 97.92, 9522, 64
102, 0, 0, 17, 17, 1, 0.10%, 0, 0, 2, 102.32, 10045, 64
107, 0, 0, 17, 17, 1, 0.10%, 0, 0, 2, 98.60, 10538, 64
112, 0, 0, 17, 17, 1, 0.10%, 0, 0, 2, 100.58, 11058, 64
117, 0, 0, 17, 17, 1, 0.10%, 0, 0, 2, 99.86, 11567, 64
122, 0, 0, 17, 17, 1, 0.10%, 0, 0, 2, 100.55, 12073, 64
127, 0, 0, 17, 17, 1, 0.10%, 0, 0, 2, 102.10, 12587, 64
132, 0, 0, 17, 17, 1, 0.10%, 0, 0, 2, 98.16, 13085, 64
137, 0, 0, 17, 17, 1, 0.10%, 0, 0, 2, 103.42, 13605, 64
142, 0, 0, 17, 17, 1, 0.10%, 0, 0, 2, 99.12, 14115, 64
147, 0, 0, 17, 17, 1, 0.10%, 0, 0, 2, 89.31, 14580, 64
153, 0, 0, 17, 17, 1, 0.10%, 0, 0, 2, 95.53, 15078, 64
158, 0, 0, 17, 17, 1, 0.10%, 0, 0, 2, 96.41, 15580, 64
163, 0, 0, 17, 17, 1, 0.10%, 0, 0, 2, 96.30, 16070, 64
168, 0, 0, 17, 17, 1, 0.10%, 0, 0, 2, 100.00, 16577, 64
173, 0, 12, 17, 15, 4, 0.10%, 0, 0, 2, 99.60, 17087, 64
178, 0, 2, 17, 12, 1, 0.10%, 0, 0, 2, 98.24, 17601, 64
183, 0, 12, 17, 11, 0, 0.10%, 0, 0, 2, 96.69, 18088, 64
188, 0, 12, 17, 11, 0, 0.10%, 0, 0, 2, 85.35, 18525, 64
194, 0, 13, 17, 11, 0, 0.10%, 0, 0, 2, 93.27, 19009, 64
199, 0, 12, 17, 11, 0, 0.10%, 0, 0, 2, 95.93, 19506, 64
204, 0, 13, 17, 11, 0, 0.10%, 0, 0, 2, 101.29, 20035, 64
209, 0, 12, 17, 11, 0, 0.10%, 0, 0, 2, 88.68, 20487, 64
214, 0, 12, 17, 11, 0, 0.10%, 0, 0, 2, 93.92, 20980, 64
219, 0, 2, 17, 11, 0, 0.10%, 0, 0, 2, 91.94, 21435, 64
224, 1, 12, 17, 11, 0, 0.10%, 0, 0, 2, 98.39, 21940, 64
230, 1, 12, 17, 11, 0, 0.10%, 0, 0, 2, 95.01, 22423, 64
235, 1, 12, 17, 11, 0, 0.10%, 0, 0, 2, 92.83, 22922, 64
240, 1, 2, 17, 11, 0, 0.10%, 0, 0, 2, 98.19, 23415, 64
245, 1, 12, 17, 11, 0, 0.10%, 0, 0, 2, 98.26, 23924, 64
250, 1, 12, 17, 11, 0, 0.10%, 0, 0, 2, 102.41, 24451, 64
255, 1, 12, 17, 11, 0, 0.10%, 0, 0, 2, 92.94, 24935, 64
260, 1, 12, 17, 11, 0, 0.10%, 0, 0, 2, 96.96, 25438, 64
266, 1, 12, 17, 11, 0, 0.10%, 0, 0, 2, 96.15, 25927, 64
271, 1, 12, 17, 11, 0, 0.10%, 0, 0, 2, 93.15, 26401, 64
276, 1, 9, 17, 11, 0, 0.10%, 0, 0, 2, 104.34, 26942, 64
281, 2, 2, 17, 11, 0, 0.10%, 0, 0, 2, 96.15, 27431, 64
286, 2, 12, 17, 10, 0, 0.10%, 0, 0, 2, 93.94, 27907, 64
291, 2, 9, 17, 10, 0, 0.10%, 0, 0, 2, 95.95, 28396, 64
297, 2, 12, 17, 10, 0, 0.10%, 0, 0, 2, 85.50, 28840, 64
302, 2, 12, 17, 10, 0, 0.10%, 0, 0, 2, 96.00, 29353, 64
307, 2, 12, 17, 10, 0, 0.10%, 0, 0, 2, 91.70, 29822, 64
312, 2, 12, 17, 10, 0, 0.10%, 0, 0, 2, 98.20, 30323, 64
317, 3, 12, 17, 10, 0, 0.10%, 0, 0, 2, 95.50, 30820, 64
322, 3, 2, 17, 10, 0, 0.10%, 0, 0, 2, 98.67, 31324, 64
327, 3, 12, 17, 10, 0, 0.10%, 0, 0, 2, 94.89, 31809, 64
332, 3, 14, 17, 10, 0, 0.10%, 0, 0, 2, 90.82, 32267, 64
338, 3, 12, 17, 9, 0, 0.10%, 0, 0, 2, 94.33, 32763, 64
343, 3, 12, 17, 9, 0, 0.10%, 0, 0, 2, 91.72, 33224, 64
348, 3, 12, 17, 9, 0, 0.10%, 0, 0, 2, 87.86, 33673, 64
353, 3, 12, 17, 9, 0, 0.10%, 0, 0, 2, 92.51, 34150, 64
358, 4, 13, 17, 9, 0, 0.10%, 0, 0, 2, 93.43, 34636, 64
363, 4, 12, 17, 9, 0, 0.10%, 0, 0, 2, 93.26, 35113, 64
368, 4, 2, 17, 9, 0, 0.10%, 0, 0, 2, 97.42, 35611, 64
373, 4, 12, 17, 9, 0, 0.10%, 0, 0, 2, 78.46, 36018, 64
379, 4, 3, 17, 9, 0, 0.10%, 0, 0, 2, 91.86, 36507, 64
384, 4, 12, 17, 8, 0, 0.10%, 0, 0, 2, 97.44, 37019, 64
389, 4, 12, 17, 8, 0, 0.10%, 0, 0, 2, 100.34, 37535, 64
394, 5, 12, 17, 8, 0, 0.10%, 0, 0, 2, 97.22, 38037, 64
399, 5, 9, 17, 8, 0, 0.10%, 0, 0, 2, 104.47, 38586, 64
404, 5, 7, 17, 8, 0, 0.10%, 0, 0, 2, 100.33, 39109, 64
409, 5, 12, 17, 8, 0, 0.10%, 0, 0, 2, 97.94, 39624, 64
414, 5, 12, 17, 8, 0, 0.10%, 0, 0, 2, 87.41, 40065, 64
420, 5, 7, 17, 8, 0, 0.10%, 0, 0, 2, 93.75, 40536, 64
425, 6, 7, 17, 8, 0, 0.10%, 0, 0, 2, 96.64, 41033, 64
430, 6, 12, 17, 8, 0, 0.10%, 0, 0, 2, 93.35, 41522, 64
435, 6, 2, 17, 8, 0, 0.10%, 0, 0, 2, 88.47, 41978, 64
440, 6, 2, 17, 8, 0, 0.10%, 0, 0, 2, 87.12, 42436, 64
445, 6, 12, 17, 8, 0, 0.10%, 0, 0, 2, 88.69, 42891, 64
450, 6, 12, 17, 8, 0, 0.10%, 0, 0, 2, 96.51, 43394, 64
456, 6, 12, 17, 8, 0, 0.10%, 0, 0, 2, 92.62, 43866, 64
461, 7, 12, 17, 8, 0, 0.10%, 0, 0, 2, 87.95, 44304, 64
466, 7, 12, 17, 8, 0, 0.10%, 0, 0, 2, 92.49, 44788, 64
471, 7, 2, 17, 8, 0, 0.10%, 0, 0, 2, 94.06, 45260, 64
476, 7, 12, 17, 8, 0, 0.10%, 0, 0, 2, 86.61, 45708, 64
481, 7, 13, 17, 8, 0, 0.10%, 0, 0, 2, 89.05, 46160, 64
486, 7, 9, 17, 8, 0, 0.10%, 0, 0, 2, 95.76, 46663, 64
491, 7, 12, 17, 8, 0, 0.10%, 0, 0, 2, 94.89, 47151, 64
497, 8, 12, 17, 8, 0, 0.10%, 0, 0, 2, 95.19, 47658, 64
502, 8, 2, 17, 8, 0, 0.10%, 0, 0, 2, 89.58, 48099, 64
507, 8, 6, 17, 8, 0, 0.10%, 0, 0, 2, 89.51, 48562, 64
512, 8, 3, 17, 7, 0, 0.10%, 0, 0, 2, 82.74, 48981, 64
517, 8, 12, 17, 7, 0, 0.10%, 0, 0, 2, 96.43, 49480, 64
522, 8, 12, 17, 7, 0, 0.10%, 0, 0, 2, 98.02, 49989, 64
527, 8, 12, 17, 7, 0, 0.10%, 0, 0, 2, 91.06, 50462, 64
532, 8, 7, 17, 7, 0, 0.10%, 0, 0, 2, 84.89, 50888, 64
538, 9, 2, 17, 7, 0, 0.10%, 0, 0, 2, 93.50, 51376, 64
543, 9, 12, 17, 7, 0, 0.10%, 0, 0, 2, 95.45, 51873, 64
548, 9, 12, 17, 7, 0, 0.10%, 0, 0, 2, 101.32, 52399, 64
553, 9, 12, 17, 7, 0, 0.10%, 0, 0, 2, 91.18, 52851, 64
558, 9, 13, 17, 7, 0, 0.10%, 0, 0, 2, 82.55, 53271, 64
563, 9, 12, 17, 7, 0, 0.10%, 0, 0, 2, 90.70, 53733, 64
568, 9, 2, 17, 7, 0, 0.10%, 0, 0, 2, 92.84, 54211, 64
573, 9, 9, 17, 7, 0, 0.10%, 0, 0, 2, 86.92, 54643, 64
579, 10, 12, 17, 7, 0, 0.10%, 0, 0, 2, 92.05, 55118, 64
584, 10, 9, 17, 7, 0, 0.10%, 0, 0, 2, 86.28, 55558, 64
589, 10, 13, 17, 7, 0, 0.10%, 0, 0, 2, 94.35, 56048, 64
594, 10, 7, 17, 7, 0, 0.10%, 0, 0, 2, 96.41, 56537, 64
599, 10, 13, 17, 7, 0, 0.10%, 0, 0, 2, 96.56, 57038, 64
604, 10, 12, 17, 7, 0, 0.10%, 0, 0, 2, 92.92, 57514, 64
609, 10, 12, 17, 7, 0, 0.10%, 0, 0, 2, 94.02, 57998, 64
614, 11, 2, 17, 7, 0, 0.10%, 0, 0, 2, 97.74, 58502, 64
620, 11, 7, 17, 7, 0, 0.10%, 0, 0, 2, 97.50, 59010, 64
625, 11, 9, 17, 7, 0, 0.10%, 0, 0, 2, 100.95, 59537, 64
630, 11, 12, 17, 7, 0, 0.10%, 0, 0, 2, 98.47, 60042, 64
635, 11, 2, 17, 7, 0, 0.10%, 0, 0, 2, 101.81, 60561, 64
640, 11, 12, 17, 7, 0, 0.10%, 0, 0, 2, 107.10, 61119, 64
645, 11, 12, 17, 7, 0, 0.10%, 0, 0, 2, 101.04, 61632, 64
650, 12, 12, 17, 7, 0, 0.10%, 0, 0, 2, 106.43, 62200, 64
655, 12, 12, 17, 7, 0, 0.10%, 0, 0, 2, 104.05, 62717, 64
660, 12, 12, 17, 7, 0, 0.10%, 0, 0, 2, 99.39, 63209, 64
666, 12, 12, 17, 7, 0, 0.10%, 0, 0, 2, 106.21, 63752, 64
671, 12, 12, 17, 7, 0, 0.10%, 0, 0, 2, 105.44, 64305, 64
676, 12, 12, 17, 7, 0, 0.10%, 0, 0, 2, 99.24, 64810, 64
681, 13, 12, 17, 7, 0, 0.10%, 0, 0, 2, 97.22, 65301, 64
686, 13, 12, 17, 7, 0, 0.10%, 0, 0, 2, 105.22, 65836, 64
691, 13, 12, 17, 7, 0, 0.10%, 0, 0, 2, 103.69, 66375, 64
696, 13, 12, 17, 7, 0, 0.10%, 0, 0, 2, 100.85, 66883, 64
701, 13, 7, 17, 7, 0, 0.10%, 0, 0, 2, 106.58, 67421, 64
706, 13, 12, 17, 7, 0, 0.10%, 0, 0, 2, 112.51, 67990, 64
711, 14, 2, 17, 7, 0, 0.10%, 0, 0, 2, 100.91, 68474, 64
717, 14, 12, 17, 7, 0, 0.10%, 0, 0, 2, 94.93, 68950, 64
722, 14, 2, 17, 7, 0, 0.10%, 0, 0, 2, 102.28, 69504, 64
727, 14, 12, 17, 7, 0, 0.10%, 0, 0, 2, 103.73, 70022, 64
732, 14, 12, 17, 7, 0, 0.10%, 0, 0, 2, 98.80, 70535, 64
737, 14, 12, 17, 7, 0, 0.10%, 0, 0, 2, 105.29, 71075, 64
742, 14, 9, 17, 7, 0, 0.10%, 0, 0, 2, 110.34, 71640, 64
747, 15, 2, 17, 7, 0, 0.10%, 0, 0, 2, 98.87, 72136, 64
752, 15, 12, 17, 7, 0, 0.10%, 0, 0, 2, 96.11, 72609, 64
758, 15, 12, 17, 7, 0, 0.10%, 0, 0, 2, 110.02, 73177, 64
763, 15, 12, 17, 7, 0, 0.10%, 0, 0, 2, 107.88, 73740, 64
768, 15, 2, 17, 7, 0, 0.10%, 0, 0, 2, 105.98, 74274, 64
773, 15, 12, 17, 7, 0, 0.10%, 0, 0, 2, 104.23, 74811, 64
778, 16, 12, 17, 7, 0, 0.10%, 0, 0, 2, 105.22, 75347, 64
783, 16, 2, 17, 7, 0, 0.10%, 0, 0, 2, 100.61, 75844, 64
788, 16, 4, 17, 7, 0, 0.10%, 0, 0, 2, 105.07, 76364, 64
793, 16, 12, 17, 6, 0, 0.10%, 0, 0, 2, 104.98, 76905, 64
798, 16, 12, 17, 6, 0, 0.10%, 0, 0, 2, 101.70, 77416, 64
803, 16, 12, 17, 6, 0, 0.10%, 0, 0, 2, 107.07, 77960, 64
808, 16, 9, 17, 6, 0, 0.10%, 0, 0, 2, 100.37, 78455, 64
813, 16, 12, 17, 6, 0, 0.10%, 0, 0, 2, 100.77, 78975, 64
818, 17, 7, 17, 6, 0, 0.10%, 0, 0, 2, 101.71, 79495, 64
823, 17, 12, 17, 6, 0, 0.10%, 0, 0, 2, 102.71, 80033, 64
829, 17, 12, 17, 6, 0, 0.10%, 0, 0, 2, 98.13, 80537, 64
834, 17, 7, 17, 6, 0, 0.10%, 0, 0, 2, 100.47, 81063, 64
839, 17, 2, 17, 6, 0, 0.10%, 0, 0, 2, 104.46, 81612, 64
844, 17, 12, 17, 6, 0, 0.10%, 0, 0, 2, 109.48, 82170, 64
849, 18, 2, 17, 6, 0, 0.10%, 0, 0, 2, 104.11, 82707, 64
854, 18, 12, 17, 6, 0, 0.10%, 0, 0, 2, 107.91, 83267, 64
859, 18, 12, 17, 6, 0, 0.10%, 0, 0, 2, 109.67, 83839, 64
864, 18, 12, 17, 6, 0, 0.10%, 0, 0, 2, 104.09, 84354, 64
870, 18, 12, 17, 6, 0, 0.10%, 0, 0, 2, 106.90, 84914, 64
875, 18, 12, 17, 6, 0, 0.10%, 0, 0, 2, 106.86, 85425, 64
880, 19, 6, 17, 6, 0, 0.10%, 0, 0, 2, 108.03, 85981, 64
885, 19, 12, 17, 6, 0, 0.10%, 0, 0, 2, 102.03, 86500, 64
890, 19, 12, 17, 6, 0, 0.10%, 0, 0, 2, 103.97, 87032, 64
895, 19, 12, 17, 6, 0, 0.10%, 0, 0, 2, 101.16, 87541, 64
900, 19, 12, 17, 6, 0, 0.10%, 0, 0, 2, 101.71, 88038, 64
905, 19, 12, 17, 6, 0, 0.10%, 0, 0, 2, 106.55, 88594, 64
910, 20, 7, 17, 6, 0, 0.10%, 0, 0, 2, 98.14, 89088, 64
916, 20, 7, 17, 6, 0, 0.10%, 0, 0, 2, 102.03, 89607, 64
921, 20, 12, 17, 6, 0, 0.10%, 0, 0, 2, 103.85, 90142, 64
926, 20, 12, 17, 6, 0, 0.10%, 0, 0, 2, 105.65, 90680, 64
931, 20, 2, 17, 6, 0, 0.10%, 0, 0, 2, 98.71, 91181, 64
936, 20, 12, 17, 6, 0, 0.10%, 0, 0, 2, 96.86, 91673, 64
941, 21, 9, 17, 6, 0, 0.10%, 0, 0, 2, 104.13, 92203, 64
946, 21, 2, 17, 6, 0, 0.10%, 0, 0, 2, 101.31, 92707, 64
951, 21, 13, 17, 6, 0, 0.10%, 0, 0, 2, 99.24, 93214, 64
956, 21, 12, 17, 6, 0, 0.10%, 0, 0, 2, 108.25, 93779, 64
961, 21, 12, 17, 6, 0, 0.10%, 0, 0, 2, 100.94, 94283, 64
966, 21, 12, 17, 6, 0, 0.10%, 0, 0, 2, 100.55, 94790, 64
971, 21, 9, 17, 6, 0, 0.10%, 0, 0, 2, 100.88, 95299, 64
976, 22, 9, 17, 6, 0, 0.10%, 0, 0, 2, 107.81, 95847, 64
981, 22, 13, 17, 6, 0, 0.10%, 0, 0, 2, 103.50, 96353, 64
987, 22, 7, 17, 6, 0, 0.10%, 0, 0, 2, 102.95, 96864, 64
992, 22, 2, 17, 6, 0, 0.10%, 0, 0, 2, 103.61, 97386, 64
997, 22, 12, 17, 6, 0, 0.10%, 0, 0, 2, 105.38, 97923, 64
1002, 22, 2, 17, 6, 0, 0.10%, 0, 0, 2, 102.34, 98444, 64
1007, 22, 12, 17, 6, 0, 0.10%, 0, 0, 2, 105.01, 98970, 64
1012, 23, 12, 17, 6, 0, 0.10%, 0, 0, 2, 100.99, 99491, 64
1017, 23, 12, 17, 6, 0, 0.10%, 0, 0, 2, 102.42, 100011, 64
1022, 23, 12, 17, 6, 0, 0.10%, 0, 0, 2, 106.06, 100557, 64
1027, 23, 12, 17, 6, 0, 0.10%, 0, 0, 2, 103.99, 101094, 64
1032, 23, 12, 17, 6, 0, 0.10%, 0, 0, 2, 99.57, 101588, 64
1037, 24, 12, 17, 6, 0, 0.10%, 0, 0, 2, 103.04, 102121, 64
1042, 24, 9, 17, 6, 0, 0.10%, 0, 0, 2, 104.72, 102653, 64
1048, 24, 12, 17, 6, 0, 0.10%, 0, 0, 2, 100.70, 103172, 64
1053, 24, 12, 17, 6, 0, 0.10%, 0, 0, 2, 99.06, 103676, 64
1058, 24, 7, 17, 6, 0, 0.10%, 0, 0, 2, 98.84, 104197, 64
1063, 24, 13, 17, 6, 0, 0.10%, 0, 0, 2, 89.89, 104646, 64
1068, 24, 2, 17, 6, 0, 0.10%, 0, 0, 2, 100.01, 105166, 64
1073, 25, 12, 17, 6, 0, 0.10%, 0, 0, 2, 93.92, 105650, 64
1078, 25, 12, 17, 6, 0, 0.10%, 0, 0, 2, 93.98, 106138, 64
1083, 25, 2, 17, 6, 0, 0.10%, 0, 0, 2, 103.31, 106678, 64
1088, 25, 12, 17, 6, 0, 0.10%, 0, 0, 2, 100.36, 107196, 64
1094, 25, 12, 17, 6, 0, 0.10%, 0, 0, 2, 94.29, 107670, 64
1099, 25, 12, 17, 6, 0, 0.10%, 0, 0, 2, 96.75, 108164, 64
1104, 26, 7, 17, 6, 0, 0.10%, 0, 0, 2, 103.35, 108698, 64
1109, 26, 9, 17, 6, 0, 0.10%, 0, 0, 2, 106.39, 109236, 64
1114, 26, 12, 17, 6, 0, 0.10%, 0, 0, 2, 105.77, 109774, 64
1119, 26, 12, 17, 6, 0, 0.10%, 0, 0, 2, 103.91, 110291, 64
1124, 26, 12, 17, 6, 0, 0.10%, 0, 0, 2, 98.64, 110781, 64
1129, 26, 12, 17, 6, 0, 0.10%, 0, 0, 2, 101.66, 111298, 64
1134, 27, 12, 17, 6, 0, 0.10%, 0, 0, 2, 104.65, 111832, 64
1139, 27, 12, 17, 6, 0, 0.10%, 0, 0, 2, 101.10, 112335, 64
1144, 27, 9, 17, 6, 0, 0.10%, 0, 0, 2, 106.81, 112891, 64
1149, 27, 7, 17, 6, 0, 0.10%, 0, 0, 2, 99.70, 113378, 64
1154, 27, 2, 17, 6, 0, 0.10%, 0, 0, 2, 96.15, 113870, 64
1160, 27, 7, 17, 6, 0, 0.10%, 0, 0, 2, 102.99, 114401, 64
1165, 27, 12, 17, 6, 0, 0.10%, 0, 0, 2, 98.77, 114907, 64
1170, 28, 7, 17, 6, 0, 0.10%, 0, 0, 2, 101.03, 115419, 64
1175, 28, 12, 17, 6, 0, 0.10%, 0, 0, 2, 98.52, 115918, 64
1180, 28, 12, 17, 6, 0, 0.10%, 0, 0, 2, 101.13, 116454, 64
1185, 28, 12, 17, 6, 0, 0.10%, 0, 0, 2, 100.75, 116959, 64
1190, 28, 9, 17, 5, 0, 0.10%, 0, 0, 2, 102.00, 117487, 64
1195, 28, 10, 17, 5, 0, 0.10%, 0, 0, 2, 89.38, 117931, 64
1201, 28, 2, 17, 4, 0, 0.10%, 0, 0, 2, 90.24, 118391, 64
1206, 29, 12, 17, 4, 0, 0.10%, 0, 0, 2, 97.13, 118899, 64
1211, 29, 7, 17, 4, 0, 0.10%, 0, 0, 2, 98.13, 119392, 64
1216, 29, 7, 17, 4, 0, 0.10%, 0, 0, 2, 101.63, 119908, 64
1221, 29, 7, 17, 4, 0, 0.10%, 0, 0, 2, 105.13, 120435, 64
1226, 29, 12, 17, 4, 0, 0.10%, 0, 0, 2, 103.36, 120968, 64
1231, 29, 7, 17, 4, 0, 0.10%, 0, 0, 2, 95.10, 121446, 64
1236, 29, 2, 17, 4, 0, 0.10%, 0, 0, 2, 97.99, 121952, 64
1241, 30, 12, 17, 4, 0, 0.10%, 0, 0, 2, 104.57, 122498, 64
1246, 30, 12, 17, 4, 0, 0.10%, 0, 0, 2, 104.52, 123023, 64
1251, 30, 12, 17, 4, 0, 0.10%, 0, 0, 2, 99.52, 123528, 64
1256, 30, 9, 17, 4, 0, 0.10%, 0, 0, 2, 104.24, 124062, 64
1262, 30, 2, 17, 4, 0, 0.10%, 0, 0, 2, 102.89, 124575, 64
1267, 30, 13, 17, 4, 0, 0.10%, 0, 0, 2, 97.30, 125077, 64
1272, 31, 7, 17, 4, 0, 0.10%, 0, 0, 2, 97.14, 125574, 64
1277, 31, 12, 17, 4, 0, 0.10%, 0, 0, 2, 94.82, 126077, 64
1282, 31, 2, 17, 4, 0, 0.10%, 0, 0, 2, 95.55, 126574, 64
1287, 31, 2, 17, 4, 0, 0.10%, 0, 0, 2, 98.06, 127077, 64
1292, 31, 12, 17, 4, 0, 0.10%, 0, 0, 2, 97.22, 127574, 64
1298, 31, 12, 17, 3, 0, 0.10%, 0, 0, 2, 97.70, 128064, 64
1303, 31, 12, 17, 3, 0, 0.10%, 0, 0, 2, 98.87, 128581, 64
1308, 31, 12, 17, 3, 0, 0.10%, 0, 0, 2, 89.52, 129023, 64
1313, 32, 9, 17, 3, 0, 0.10%, 0, 0, 2, 95.78, 129515, 64
1318, 32, 7, 17, 3, 0, 0.10%, 0, 0, 2, 102.70, 130047, 64
1323, 32, 12, 17, 3, 0, 0.10%, 0, 0, 2, 104.90, 130591, 64
1328, 32, 13, 17, 3, 0, 0.10%, 0, 0, 2, 95.71, 131071, 64
1333, 32, 7, 17, 3, 0, 0.10%, 0, 0, 2, 94.16, 131541, 64
1338, 32, 2, 17, 3, 0, 0.10%, 0, 0, 2, 100.57, 132062, 64
1343, 32, 12, 17, 3, 0, 0.10%, 0, 0, 2, 98.26, 132574, 64
1349, 33, 2, 17, 3, 0, 0.10%, 0, 0, 2, 97.45, 133068, 64
1354, 33, 12, 17, 3, 0, 0.10%, 0, 0, 2, 99.09, 133572, 64
1359, 33, 12, 17, 3, 0, 0.10%, 0, 0, 2, 97.02, 134069, 64
1364, 33, 12, 17, 3, 0, 0.10%, 0, 0, 2, 93.93, 134537, 64
1369, 33, 7, 17, 3, 0, 0.10%, 0, 0, 2, 100.33, 135058, 64
1374, 33, 13, 17, 3, 0, 0.10%, 0, 0, 2, 94.36, 135543, 64
1379, 33, 2, 17, 3, 0, 0.10%, 0, 0, 2, 89.86, 135996, 64
1384, 33, 12, 17, 3, 0, 0.10%, 0, 0, 2, 97.09, 136501, 64
1389, 34, 12, 17, 3, 0, 0.10%, 0, 0, 2, 102.24, 137036, 64
1438, 34, 12, 17, 3, 0, 0.10%, 0, 0, 2, 0.04, 137366, 64
1443, 34, 12, 17, 3, 0, 0.10%, 0, 0, 2, 99.34, 137874, 64
1598, 34, 9, 17, 3, 0, 0.10%, 0, 0, 2, 0.01, 138130, 64
1603, 34, 7, 17, 3, 0, 0.10%, 0, 0, 2, 101.10, 138650, 64
1621, 34, 12, 17, 3, 0, 0.10%, 0, 0, 2, 0.07, 138855, 64
1626, 34, 2, 17, 3, 0, 0.10%, 0, 0, 2, 96.34, 139363, 64
1656, 34, 12, 17, 3, 0, 0.10%, 0, 0, 2, 0.07, 139699, 64
1661, 35, 13, 17, 3, 0, 0.10%, 0, 0, 2, 94.55, 140196, 64
1832, 35, 12, 17, 3, 0, 0.10%, 0, 0, 2, 0.01, 140449, 64
1837, 35, 2, 17, 3, 0, 0.10%, 0, 0, 2, 100.00, 140971, 64
2106, 35, 12, 17, 3, 0, 0.10%, 0, 0, 2, 0.00, 141252, 64
2111, 35, 12, 17, 3, 0, 0.10%, 0, 0, 2, 99.08, 141757, 64
2116, 35, 12, 17, 3, 0, 0.10%, 0, 0, 2, 102.62, 142299, 64
2187, 35, 2, 17, 3, 0, 0.10%, 0, 0, 2, 0.03, 142794, 64
2192, 35, 9, 17, 3, 0, 0.10%, 0, 0, 2, 97.97, 143299, 64
2354, 36, 12, 17, 3, 0, 0.10%, 0, 0, 2, 0.01, 143627, 64
2359, 36, 12, 17, 3, 0, 0.10%, 0, 0, 2, 101.66, 144124, 64
2946, 36, 12, 17, 3, 0, 0.10%, 0, 0, 2, 0.00, 144420, 64
2949, 36, 12, 17, 3, 0, 0.10%, 0, 0, 2, 88.39, 144627, 64
